5698
6310
5956
6099
6118
6211
5757
6285
6108
6260
5835
6170
6308
5971
5928
5660
5788
5867
6155
5615
6272
6008
6209
5854
5846
5767
6114
6343
6260
5627
6227
6254
5560
5475
5719
6122
5861
6194
5934
5632
5657
6146
6075
5717
5970
5746
5517
6115
5938
6015
5909
5913
6049
5889
5836
5719
5414
5691
6214
6231
5742
6414
6119
5768
5789
5939
5983
5710
6086
5991
5990
5881
6047
5931
6045
5696
5630
6486
5633
6143
5788
6024
5943
5749
5813
5663
6358
6141
5693
6196
5965
6106
5859
5914
5931
5745
6444
6294
5594
6154
