5272
5788
6422
5895
6022
6354
5442
5678
5940
6114
5575
5914
5613
6099
5605
5948
5880
5691
5987
5868
6204
5744
6048
5965
6281
5733
6096
5841
6371
5791
6146
5824
6297
5712
5936
6404
5699
6241
5934
6381
5814
6001
6103
6397
5748
5923
6000
6421
5773
6114
6035
5850
6245
6144
6493
5883
6239
6190
6559
5972
6249
5935
6323
5600
5931
5977
6358
5806
6032
6361
5751
6094
6032
6443
5787
5998
5922
6433
5760
6123
6114
6470
5886
6236
5988
5860
6058
6172
6517
5877
6273
5901
6383
5716
6013
5859
6585
5823
6178
6043
6469
5846
6290
5942
6557
5967
6521
5903
6540
6241
6494
6323
6373
6372
6607
6137
6515
5928
6244
6146
6582
5931
6314
6263
6504
5768
6182
5979
6669
5883
6191
6344
6108
6224
5900
6418
5666
6119
5892
6377
5785
6166
5999
6353
5804
6167
6001
6533
5799
6055
6478
5892
6241
5959
6481
5776
6256
6179
6567
5877
6055
6179
6416
5925
6316
5976
5751
6200
6009
6506
5700
6251
6108
6466
5786
6265
6181
6647
6014
6292
6137
6523
5835
6233
6664
6030
6305
6171
6649
6041
6403
6286
6736
5996
6397
5875
6411
5688
6015
5979
5875
6231
6116
6438
5861
6134
6037
6326
5846
6262
6067
6424
5829
6201
6189
6516
5745
6051
6567
5848
6328
6236
6660
5907
6333
5935
6436
5609
6122
6077
6312
5820
6198
6078
5807
6162
5973
6521
5951
6298
6057
6478
5834
6315
6207
6627
5906
6370
6162
6676
6031
6289
6278
6718
5909
6322
